% moving tag (minute, sec, x-coordinates, y-coordinates)
a=[39, 06.871, 2.64128, 3.27743 
39, 06.949, 2.64971, 3.1025 
39, 07.059, 2.70357, 3.06193 
39, 07.184, 2.61097, 3.2402 
39, 07.293, 2.71588, 3.12586 
39, 07.402, 2.75231, 3.08489 
39, 07.527, 2.76895, 2.97871 
39, 07.637, 2.75589, 3.06874 
39, 07.777, 2.73229, 3.03872 
39, 07.871, 2.93801, 3.17831 
39, 07.965, 2.73668, 3.07674 
39, 08.090, 2.76329, 3.08826 
39, 08.199, 2.80748, 3.01158 
39, 08.418, 2.76272, 3.03592 
39, 08.528, 2.76485, 3.03824 
39, 08.668, 2.80252, 2.97408 
39, 08.731, 2.78438, 3.00482 
39, 08.856, 2.80279, 2.96632 
39, 08.965, 2.75872, 2.98891 
39, 09.121, 2.77129, 3.00045 
39, 09.199, 2.78667, 3.07367 
39, 09.309, 2.77136, 2.95903 
39, 09.434, 2.7955, 3.00934 
39, 09.574, 2.75558, 3.01882 
39, 09.653, 2.81263, 3.05669 
39, 09.778, 2.79299, 3.00843 
39, 09.887, 2.77867, 3.02924 
39, 10.028, 2.79943, 3.01783 
39, 10.106, 2.78302, 3.00099 
39, 10.215, 2.77517, 3.03144 
39, 10.340, 2.8027, 3.01559 
39, 10.465, 2.77783, 3.04756 
39, 10.543, 2.79323, 3.06645 
39, 10.668, 2.76628, 2.99937 
39, 10.778, 2.83247, 3.03238 
39, 10.918, 2.77899, 3.07792 
39, 10.981, 2.81092, 3.04379 
39, 11.090, 2.796, 2.97174 
39, 11.215, 2.77618, 2.98483 
39, 11.309, 2.76774, 2.90388 
39, 11.420, 2.79079, 3.02916 
39, 11.529, 2.8135, 2.97032 
39, 11.670, 2.80519, 3.061 
39, 11.764, 2.78707, 3.04557 
39, 11.873, 2.82048, 2.9971 
39, 11.967, 2.80267, 3.0655 
39, 12.123, 2.83203, 3.05199 
39, 12.201, 2.78971, 3.04721 
39, 12.295, 2.81281, 2.98295 
39, 12.420, 2.77366, 3.03043 
39, 12.514, 2.8127, 3.02496 
39, 12.623, 2.7906, 3.0282 
39, 12.717, 2.74322, 3.07217 
39, 12.857, 2.76423, 3.06437 
39, 12.951, 2.80826, 3.06258 
39, 13.060, 2.77895, 3.07129 
39, 13.170, 2.77748, 3.07866 
39, 13.326, 2.77765, 3.09323 
39, 13.404, 2.74687, 3.08171 
39, 13.529, 2.75592, 3.06304 
39, 13.623, 2.79187, 3.03897 
39, 13.764, 2.74365, 3.03491 
39, 13.842, 2.77584, 3.02689 
39, 13.967, 2.71209, 2.99657 
39, 14.076, 2.76662, 2.98915 
39, 14.217, 2.80755, 3.01528 
39, 14.279, 2.72744, 3.03355 
39, 14.389, 2.79289, 3.03953 
39, 14.514, 2.73194, 3.00137 
39, 14.607, 2.78984, 3.01049 
39, 14.717, 2.77484, 3.02508 
39, 14.826, 2.71007, 2.97209 
39, 14.951, 2.71214, 2.99744 
39, 15.045, 2.74242, 3.06554 
39, 15.154, 2.69554, 3.04655 
39, 15.264, 2.69726, 3.0704 
39, 15.420, 2.72207, 3.12584 
39, 15.483, 2.70232, 3.17884 
39, 15.592, 2.72692, 3.15332 
39, 15.717, 2.69269, 3.16164 
39, 15.873, 2.76074, 3.17733 
39, 15.951, 2.7458, 3.10858 
39, 16.061, 2.95113, 3.35575 
39, 16.154, 2.68767, 3.17435 
39, 16.264, 2.6885, 3.11117 
39, 16.389, 2.73201, 3.17216 
39, 16.498, 2.67226, 3.1659 
39, 16.623, 2.68255, 3.09606 
39, 16.701, 2.74287, 3.2743 
39, 16.826, 2.73935, 3.33644 
39, 16.936, 2.77774, 3.40521 
39, 17.076, 2.68756, 3.44045 
39, 17.139, 2.7154, 3.56005 
39, 17.373, 2.67695, 3.64046 
39, 17.467, 2.68716, 3.67734 
39, 17.576, 2.78742, 3.64202 
39, 17.686, 2.67943, 3.8207 
39, 17.826, 3.61929, 4.30578 
39, 17.905, 2.7507, 3.92276 
39, 18.014, 2.74592, 3.9433 
39, 18.123, 2.75079, 4.03544 
39, 18.280, 2.75069, 4.15831 
39, 18.342, 2.73868, 4.19355 
39, 18.451, 2.74781, 4.27936 
39, 18.576, 2.68561, 4.55057 
39, 18.670, 2.73419, 4.40252 
39, 18.764, 2.78846, 4.4916 
39, 18.873, 3.17768, 4.48714 
39, 19.019, 3.13453, 4.51612 
39, 19.097, 3.17539, 4.60688 
39, 19.191, 3.19582, 4.62525 
39, 19.316, 3.17357, 4.67355 
39, 19.410, 3.49494, 4.66942 
39, 19.535, 3.44155, 4.73507 
39, 19.660, 3.68528, 5.07207 
39, 19.769, 4.17751, 4.62365 
39, 19.926, 3.52134, 4.95064 
39, 20.004, 7.5109, 4.25794 
39, 20.113, 3.61104, 5.03737 
39, 20.223, 3.53796, 5.19105 
39, 20.379, 3.23372, 5.31306 
39, 20.441, 2.72925, 5.65619 
39, 20.535, 2.78423, 5.69846 
39, 20.676, 2.8932, 5.67076 
39, 20.754, 2.956, 5.79331 
39, 20.863, 2.88181, 5.87641 
39, 20.973, 3.46155, 5.62086 
39, 21.123, 3.37832, 5.72065 
39, 21.186, 3.45931, 5.68709 
39, 21.295, 3.04017, 6.08696 
39, 21.420, 4.10643, 5.4997 
39, 21.576, 3.10977, 6.10626 
39, 21.639, 4.03339, 5.61491 
39, 21.748, 3.18854, 6.07662 
39, 21.873, 3.08323, 6.21656 
39, 21.967, 3.01991, 6.18918 
39, 22.062, 3.15484, 6.26095 
39, 22.187, 3.03723, 6.36319 
39, 22.328, 3.18132, 6.37061 
39, 22.406, 3.27971, 6.42352 
39, 22.515, 3.42004, 6.40061 
39, 22.625, 3.23262, 6.75968 
39, 22.765, 3.21005, 6.74399 
39, 22.844, 3.57273, 6.65171 
39, 22.969, 3.47126, 7.02969 
39, 23.062, 3.13404, 7.36856 
39, 23.219, 3.7774, 6.68215 
39, 23.281, 2.98425, 7.59806 
39, 23.406, 4.59399, 6.20476 
39, 23.515, 3.56899, 7.08838 
39, 23.672, 3.71406, 7.33506 
39, 23.750, 5.49939, 5.71363 
39, 23.859, 4.32618, 6.29262 
39, 23.969, 4.36129, 6.21425 
39, 24.125, 4.30087, 6.49874 
39, 24.187, 4.21596, 7.32504 
39, 24.297, 3.69072, 7.63659 
39, 24.515, 3.56173, 7.55363 
39, 24.625, 4.44417, 6.79276 
39, 24.734, 4.50165, 6.78605 
39, 24.875, 3.68923, 7.55619 
39, 24.937, 4.40999, 6.81704 
39, 25.047, 4.01935, 7.12269 
39, 25.266, 4.62283, 6.55177 
39, 25.375, 4.69559, 6.57193 
39, 25.484, 4.6123, 6.65174 
39, 25.625, 4.46715, 6.76624 
39, 25.703, 5.64057, 6.04398 
39, 25.828, 9.14968, 5.4783 
39, 25.953, 4.88997, 6.30682 
39, 26.062, 9.77227, 5.73949 
39, 26.172, 5.47796, 6.9083 
39, 26.297, 6.17076, 5.70127 
39, 26.625, 6.60597, 5.43317 
39, 26.734, 6.35782, 5.69118 
39, 26.844, 5.9482, 5.77309 
39, 26.969, 6.42607, 5.5875 
39, 27.063, 4.65258, 6.74277 
39, 27.188, 5.20478, 5.76182 
39, 27.313, 5.23529, -2.59314 
39, 27.422, 6.5373, 5.52503 
39, 27.578, 5.87011, 5.89004 
39, 27.656, 5.98576, -4.37117 
39, 27.766, 5.46372, 5.69101 
39, 27.875, 6.24252, 5.72408 
39, 28.031, 5.5099, 6.23004 
39, 28.109, 5.31001, 6.55556 
39, 28.219, 4.98791, 6.6675 
39, 28.328, 5.77245, 5.73265 
39, 28.469, 5.51522, 5.97105 
39, 28.531, 6.07569, 5.95289 
39, 28.656, 3.29081, 10.9401 
39, 28.781, 5.44349, -0.375316 
39, 28.875, 3.11051, 10.3669 
39, 28.985, 3.0852, 11.311 
39, 29.219, 2.99865, 12.9616 
39, 29.313, 2.88622, 12.7111 
39, 29.438, 2.8812, 11.2449 
39, 29.531, 2.98489, 10.8666 
39, 29.656, 2.87526, 10.9071 
39, 29.766, 2.82816, 16.1185 
39, 29.875, 2.90989, 10.8027 
39, 29.985, 2.86962, 11.8298 
39, 30.125, 2.86511, 10.9224 
39, 30.219, 2.86402, 10.8203 
39, 30.313, 2.84101, 10.8214 
39, 30.422, 2.66817, 10.6977 
39, 30.578, 2.69041, 10.8305 
39, 30.657, 2.69658, 10.9881 
39, 30.766, 2.70076, 10.4527 
39, 30.875, 2.77665, 10.382 
39, 31.032, 2.56312, 10.5696 
39, 31.094, 2.52224, 10.7527 
39, 31.203, 2.59606, 10.4286 
39, 31.422, 2.5095, 10.9101 
39, 31.532, 2.52163, 10.7815 
39, 31.768, 2.46174, 11.2513 
39, 31.924, 2.77097, 13.4529 
39, 32.002, 2.44387, 11.1342 
39, 32.112, 2.47041, 10.7332 
39, 32.221, 2.43571, 10.4034 
39, 32.377, 2.6351, 9.98712 
39, 32.424, 2.48656, 10.4294 
39, 32.549, 2.40762, 10.5398 
39, 32.674, 2.47145, 10.4456 
39, 32.768, 2.47711, 10.6004 
39, 32.877, 2.47821, 10.5445 
39, 32.987, 2.87694, 12.763 
39, 33.127, 2.49962, 10.9704 
39, 33.206, 2.56996, 10.4424 
39, 33.315, 2.1324, 8.68961 
39, 33.440, 2.63139, 10.7312 
39, 33.581, 2.52636, 11.0211 
39, 33.659, 2.52539, 10.4125 
39, 33.768, 2.38898, 10.6509 
39, 33.878, 2.97424, 11.0704 
39, 34.018, 2.43378, 10.5437 
39, 34.096, 2.86829, 11.2409 
39, 34.206, 2.80709, 13.7851 
39, 34.424, 2.72333, 12.3458 
39, 34.643, 2.70427, 12.5123 
39, 34.768, 2.87718, 13.645 
39, 34.862, 2.73165, 12.6397 
39, 34.956, 2.69806, 12.6846 
39, 35.081, 2.67212, 12.6314 
39, 35.221, 2.9573, 13.3331 
39, 35.300, 2.77324, 13.523 
39, 35.393, 2.86962, 12.6965 
39, 35.518, 2.06542, 7.92018 
39, 35.675, 2.69142, 12.1346 
39, 35.737, 2.72126, 11.7572 
39, 35.846, 2.87534, 11.2191 
39, 35.971, 2.79836, 12.1836 
39, 36.050, 2.85553, 12.3482 
39, 36.175, 2.87283, 12.8204 
39, 36.268, 2.87997, 12.7698 
39, 36.425, 2.47766, 10.3255 
