% tag's location (true location : [3,3])
a=[2.96825,2.93806  
3.02137,2.9521  
3.02672,2.91934  
3.01229,2.96053  
3.05022,2.95487  
3.04227,2.96921  
3.06226,3.01851  
3.03108,2.95424  
2.9908,2.92674  
2.96757,2.93839  
3.05054,2.99536  
3.00503,2.9077  
3.01818,2.9231  
3.01332,2.93886  
3.02074,2.95367  
3.02664,2.93684  
3.00555,2.90394  
2.98041,2.91409  
2.99477,2.9552  
2.9903,2.9154  
2.9888,2.90457  
3.0053,2.94695  
2.96981,2.94588  
3.01669,2.9433  
3.06025,2.9345  
3.05063,2.92532  
3.00139,2.91513  
3.01934,2.91279  
2.99295,2.97151  
3.00219,2.96426  
2.98275,2.92747  
3.01799,2.96736  
3.03339,2.92597  
3.03565,2.95084  
3.01225,2.94877  
3.0108,2.97577  
3.01977,2.92932  
2.98554,2.92055  
3.02537,2.96845  
3.01188,2.90766  
3.04369,2.93162  
3.01557,2.97197  
2.99414,2.90799  
3.02432,2.95838  
3.01927,2.9332  
3.02987,2.91914  
2.99708,2.90242  
3.00942,2.9733  
3.01258,2.91451  
3.01013,2.92527  
2.98762,2.92886  
3.04097,2.93551  
2.99641,2.91009  
3.02721,2.91599  
2.97814,2.96735  
2.99328,2.95273  
3.00126,2.91802  
2.99932,2.86813  
2.98846,2.94155  
3.03648,2.99496  
3.01205,3.00138  
3.01721,2.9199  
3.00544,2.95053  
3.02204,2.92387  
3.0132,2.89892  
3.0276,2.91507  
3.01154,2.89183  
3.06572,2.9131  
3.07159,2.9102  
3.04743,2.90595  
3.04134,2.91425  
3.06745,2.87705  
3.0692,2.96031  
2.98291,2.99153  
3.00233,2.96892  
2.98316,2.92088  
3.02172,2.9202  
2.97148,2.91614  
3.07184,2.90905  
3.06013,2.89556  
3.09319,2.93073  
3.04587,2.91615  
3.07942,2.8806  
2.94698,2.8799  
3.02336,2.92319  
2.99268,2.95613  
2.99202,2.90763  
3.00258,2.92499  
3.04954,2.94704  
2.98664,2.90322  
2.98534,2.90372  
3.0297,2.92454  
2.98293,2.91792  
3.00585,2.91445  
3.0051,2.95886  
2.96774,2.99944  
3.01167,2.94973  
3.03973,2.93633  
3.03434,2.89125  
3.03463,2.89877  
3.00079,2.89994  
3.07407,2.92001  
3.01289,2.89445  
3.07412,2.92318  
3.0925,2.93045  
3.04655,2.93125  
3.08458,2.94708  
3.08184,2.90967  
3.00005,2.91207  
3.01806,2.89707  
2.98333,2.88286  
2.97797,2.88836  
3.01465,2.91174  
2.97848,2.88985  
2.98083,2.95011  
3.01888,2.92356  
3.03361,2.88398  
3.08081,2.82486  
3.07643,2.87288  
3.04195,2.89442  
3.0618,2.89021  
3.0789,2.94663  
3.00244,2.91997  
3.04558,2.89514  
3.04649,2.83907  
3.10051,2.88832  
3.03369,2.89132  
3.00712,2.87037  
3.0208,2.85653  
3.02361,2.90227  
3.05785,2.89317  
3.03793,2.88706  
3.04069,2.93539  
3.02018,2.92241  
3.04949,2.93777  
3.05166,2.9185  
3.04099,2.9396  
2.97508,2.95182  
2.99683,2.9096  
2.99071,2.96918  
3.01695,2.96044  
2.99174,2.95351  
3.0279,2.9207  
3.00545,2.98267  
3.00588,2.98511  
2.99242,2.9711  
2.99602,2.9574  
3.00367,2.93545  
3.04772,2.92549  
3.03079,2.91367  
3.06454,2.93781  
3.05993,2.93991  
2.98472,2.96784  
2.98662,2.95226  
2.98665,2.94864  
3.0006,2.93527  
2.99941,2.91184  
2.97436,2.88595  
2.99309,2.91718  
2.99054,2.96988  
2.96959,2.98101  
2.98847,2.93843  
2.97378,2.91271  
3.00677,2.92319  
2.97382,2.9886  
2.95514,2.94447  
2.99935,2.91096  
2.9803,2.96727  
2.99129,2.89824  
3.01355,2.99035  
3.04698,2.92389  
3.00788,2.88346  
2.9732,2.94546  
2.99214,2.96041  
2.97804,2.97436  
2.97489,2.9177  
2.99791,3.00287  
2.98627,2.88352  
2.98897,2.96988  
2.95935,2.96476  
2.97307,2.95317  
2.99627,2.91309  
2.97182,2.95601  
2.94987,2.921  
3.01886,2.97874  
2.9921,2.96005  
3.04266,2.92227  
3.01382,2.89548  
3.02761,2.93415  
3.02649,2.92645  
3.03904,2.92336  
3.01856,2.91713  
3.02032,2.9134  
2.95185,2.92017  
3.02399,2.8973  
3.03956,2.93173  
3.05335,2.91126  
3.08673,2.85139  
3.13511,2.77959  
3.11302,2.87804  
3.09185,2.89046  
3.03963,2.96988  
3.05502,2.9398  
3.02785,2.92229  
3.00539,2.94854  
3.00853,2.91093  
3.00479,2.90706  
3.00483,2.89659  
2.99353,2.91194  
2.99439,2.89681  
3.02018,2.95081  
2.93295,2.9333  
3.0298,2.94836  
2.99898,2.94021  
3.05724,2.95915  
3.00049,2.92124  
2.98403,2.95878  
2.97135,2.93596  
2.99978,2.93378  
3.00517,2.95337  
3.01884,2.97847  
2.98325,2.90731  
3.04518,2.95571  
3.03209,2.95944  
3.03611,2.8964  
3.0495,2.87863  
3.04718,2.92456  
3.05003,2.98334  
2.99862,2.88795  
3.03422,2.92553  
3.01472,2.94625  
2.99665,2.92811  
3.0183,2.9351  
2.98445,2.9162  
2.99579,2.96176  
2.96835,2.92344  
3.0262,2.98377  
3.06938,2.95553  
3.0527,2.94278  
3.00989,2.92273  
3.02432,2.91666  
3.07424,2.94525  
3.01789,2.9071  
3.04218,2.92983  
3.05853,2.88667  
3.08861,2.90184  
3.02122,2.88829  
3.03675,2.93124  
3.00686,2.89498  
3.05769,2.92645  
3.06288,2.90565  
3.09348,2.89179  
3.04435,2.87891  
3.01901,2.9099  
3.04559,2.89809  
2.99576,2.87679  
3.05134,2.90149  
3.06666,2.95952  
3.03168,2.93381  
3.00853,2.92577  
3.02378,2.96456  
3.06321,2.91307  
3.02348,2.86818  
2.98076,2.93913  
2.99456,2.89946  
3.02584,2.92913  
2.97147,2.9631  
2.99921,2.95061  
3.00395,2.98363  
2.97356,2.98117  
2.991,2.91133  
3.00846,2.97513  
2.97443,2.92719  
3.00928,3.00324  
3.00009,2.9404  
2.99447,2.92012  
3.06051,2.89794  
3.01018,2.85753  
3.04339,2.90996  
2.97778,2.9051  
3.02763,2.90715  
3.05032,2.92294  
2.98358,2.91917  
2.99835,2.88176  
2.98005,2.92051  
3.02237,2.87975  
3.02586,2.95403  
3.01181,2.90257  
2.99615,2.91349  
3.03482,2.90909  
3.02025,2.9348  
3.02552,2.88812  
3.05961,2.89898  
3.04126,2.9158  
2.96071,2.88193  
3.03242,2.91956  
3.02902,2.89585  
3.06271,2.88358  
3.08813,2.92635  
3.08558,2.92797  
3.0404,2.95838  
3.01684,2.87659  
3.01952,2.92535  
3.02774,2.91792  
3.03267,2.91461  
3.05496,2.92522  
3.0721,2.88527  
3.05391,2.91327  
3.0252,2.91191  
3.03881,2.92002  
3.04355,2.88449  
3.07756,2.87408  
3.03532,2.86723  
3.0402,2.83708  
2.9853,2.9428  
3.00663,2.88062  
3.05565,2.9672  
3.00776,2.95179  
3.02295,2.96524  
2.98575,2.92608  
3.03933,2.96731  
3.01128,2.87806  
3.05165,2.95326  
3.03046,2.89834  
3.01655,2.9193  
3.03339,2.9031  
2.97701,2.93451  
3.04966,2.92571  
3.06581,2.95412  
3.03771,2.91244  
2.98977,2.90333  
3.04991,2.91121  
3.02146,2.82169  
3.07061,2.90524  
3.03667,2.90359  
2.98988,2.91755  
3.05723,2.94387  
3.03072,2.9272  
2.99504,2.87933  
3.0452,2.89027  
3.03085,2.8788  
3.05801,2.87851  
3.09681,2.9063  
3.00302,2.90591  
3.05205,2.94491  
3.05733,2.85723  
3.04818,2.91683  
3.02897,2.88625  
3.01646,2.92611  
3.01182,2.93618  
3.00209,2.94742  
3.04386,2.94873  
3.07653,2.99296  
3.00115,2.87566  
2.9843,2.94733  
3.00922,2.95594  
2.9689,2.93919  
3.01934,2.90386  
2.99691,2.94916  
3.02728,2.96023  
3.00345,2.99142  
3.00914,2.96535  
3.02475,2.96929  
2.95632,2.94093  
3.03114,2.93405  
2.99492,2.92897  
2.98969,2.93735  
3.00124,2.89886  
3.02431,2.98397  
2.99215,2.9362  
2.99347,2.88772
3.05001,2.94032  
3.04405,3.00389  
3.00463,2.93065  
2.98619,2.92334  
3.03573,2.89632  
3.04677,2.889  
3.02315,2.87891  
2.99641,2.88871  
3.03149,2.95398  
2.99184,2.92235  
3.02919,2.9306  
3.00712,2.90262  
3.03183,2.90613  
2.9975,2.88731  
3.00456,2.9094  
2.99752,2.87747  
3.00788,2.88212  
3.00725,2.93543  
3.01783,2.89177  
3.06493,2.93705  
3.02039,2.92294  
2.98522,2.87225  
2.96272,2.90854  
2.99518,2.89299  
3.04475,2.92787  
3.03057,2.92013  
3.03615,2.9431  
3.01961,2.90735  
3.01953,2.86968  
3.04523,2.87252  
3.05112,2.88445  
3.02081,2.90484  
3.03436,2.90607  
2.97477,2.93725  
2.99119,2.88671  
2.9462,2.90881  
2.95441,2.89286  
2.97825,2.89655  
2.98294,2.9267  
3.03461,2.91329  
2.97858,2.87102  
3.00487,2.91027  
3.00459,2.90537  
3.03018,2.85947  
3.08536,2.92611  
3.04653,2.85646  
3.02878,2.88809  
3.07089,2.94402  
3.02629,2.92479  
3.01714,2.92058  
3.03668,2.84716  
3.01663,2.93481  
