% tag's location (true location : [3, 4.2])
a=[3.05245, 3.9019  
3.08665, 4.01536  
3.05651, 3.96836  
3.079, 3.92772  
3.04236, 3.9255  
3.08769, 4.05714  
3.08718, 4.08579  
3.05844, 3.9101  
3.02204, 3.91724  
3.00025, 3.89941  
3.0822, 3.90742  
3.00751, 3.90551  
3.04789, 3.91735  
3.06156, 3.8982  
3.00996, 3.92578  
3.02513, 3.9163  
2.98391, 3.91874  
3.04182, 3.86259  
3.04545, 3.8897  
2.99815, 3.93322  
3.04438, 3.93006  
3.01021, 3.88875  
3.04961, 3.94312  
3.06375, 3.85643  
3.06347, 3.91317  
3.03515, 3.90035  
2.99118, 3.8923  
3.03085, 3.91823  
3.0103, 3.92809  
3.02297, 3.93203  
3.00944, 3.90366  
2.99693, 3.90967  
3.0157, 3.9085  
3.03357, 3.86941  
3.04598, 3.91538  
3.00354, 3.90016  
3.02099, 3.88529  
2.99057, 3.88357  
3.02689, 3.90066  
3.06997, 3.86561  
3.02158, 3.86997  
3.03043, 3.93135  
3.04976, 3.91308  
3.08042, 3.91406  
3.00719, 3.90187  
3.00054, 3.90361  
3.01888, 3.94606  
2.99575, 3.88266  
3.03172, 3.92813  
3.05164, 3.84953  
3.05282, 3.89885  
3.04105, 3.88377  
3.0504, 3.85629  
3.06795, 3.88641  
2.97772, 3.90043  
3.04505, 3.93612  
3.01073, 3.96995  
3.02166, 3.91234  
3.04143, 3.87232  
3.04869, 3.89551  
3.01816, 3.92275  
3.00383, 3.87365  
3.02744, 3.86225  
3.03884, 3.89306  
3.04395, 3.86734  
2.9871, 3.89427  
3.01258, 3.91371  
3.05615, 3.90619  
3.03117, 3.89173  
3.03715, 3.90538  
3.03405, 3.82715  
3.04245, 3.84221  
3.06637, 3.93469  
3.06109, 3.90818  
3.04324, 3.86056  
3.01313, 3.8837  
3.05459, 3.92765  
3.01983, 3.93128  
3.06236, 3.95971  
2.98693, 3.89562  
3.06486, 3.85448  
3.03322, 3.83932  
3.06281, 3.8715  
3.0317, 3.81965  
3.07601, 3.91999  
3.01981, 3.83811  
3.04468, 3.91203  
3.05403, 3.87484  
3.04046, 3.92578  
3.07631, 3.92009  
3.05604, 3.87984  
3.04109, 3.92686  
3.03194, 3.9311  
3.04277, 3.92421  
3.01382, 3.89145  
3.01582, 3.83932  
3.05282, 3.89694  
3.04627, 3.93645  
3.04962, 3.92301  
3.02577, 3.90031  
3.02361, 3.89325  
3.03979, 3.86739  
3.04937, 3.87421  
3.08484, 4.048  
3.07245, 3.89837  
3.0773, 3.92285  
3.09485, 3.87196  
3.11597, 3.96519  
3.09275, 3.84044  
3.07273, 3.86542  
3.07721, 3.90033  
3.05892, 3.93289  
3.03672, 3.88698  
2.99922, 3.90222  
3.04799, 3.88474  
3.04389, 3.8747  
3.0566, 3.85451  
3.03703, 3.92284  
3.06622, 3.89874  
3.0412, 3.88752  
3.059, 3.84356  
3.07126, 3.87062  
3.03568, 3.88398  
3.08664, 3.87074  
3.08544, 3.99741  
3.10564, 3.99652  
3.08717, 3.96957  
3.05427, 3.85025  
3.07494, 3.89855  
3.10448, 3.93909  
3.12136, 3.95631  
3.07726, 3.8744  
3.048, 3.88085  
3.06129, 3.87027  
3.07828, 3.91771  
3.06578, 3.93413  
3.02658, 3.88774  
3.03422, 3.92103  
3.02104, 3.93104  
3.02207, 3.94847  
3.05918, 3.88656  
3.01602, 3.94256  
3.04856, 3.93536  
3.0306, 3.87905  
3.02873, 3.89917  
3.00828, 3.95233  
2.96336, 3.91223  
3.02126, 3.94924  
3.02606, 3.91048  
3.00723, 3.84464  
3.01975, 3.8793  
3.01473, 3.88264  
3.01862, 3.93405  
3.06044, 3.88938  
3.03902, 3.85903  
3.03107, 3.90682  
3.01565, 3.92909  
3.06713, 3.90615  
3.03959, 3.87985  
3.00756, 3.94988  
3.04569, 3.93945  
3.04604, 3.87757  
3.02154, 3.91264  
3.02703, 3.86887  
3.03938, 3.89578  
3.03139, 3.89197  
2.98867, 3.93934  
3.04005, 3.92743  
3.03193, 3.91395  
3.03591, 3.9117  
3.0737, 3.90234  
3.01717, 3.91645  
3.03045, 3.99467  
3.01451, 3.94364  
3.04108, 3.88522  
3.03007, 3.886  
3.03123, 3.89021  
3.00915, 3.85338  
3.04489, 3.87982  
2.98593, 3.89053  
3.02809, 3.93322  
3.00191, 3.94291  
3.03337, 3.91968  
3.05657, 3.89936  
3.05413, 3.91823  
3.07417, 3.93546  
3.04961, 3.89149  
3.0803, 3.89234  
3.04759, 3.86758  
3.01907, 3.85377  
3.03964, 3.91518  
3.03796, 3.8971  
3.06614, 3.85293  
3.03966, 3.87334  
3.023, 3.8852  
3.08671, 3.88174  
3.12897, 3.80014  
3.13184, 3.88998  
3.10702, 3.93039  
3.0833, 3.92036  
3.08572, 3.88314  
3.05461, 3.8857  
3.05156, 3.92177  
3.08637, 3.96973  
3.06791, 3.88652  
3.00429, 3.9071  
3.06679, 3.90442  
3.00825, 3.92307  
3.02826, 3.93504  
3.01756, 3.94408  
3.06785, 3.92785  
3.03364, 3.94859  
3.03134, 3.88129  
3.04391, 3.92288  
3.05197, 3.97458  
2.9838, 3.96249  
3.0326, 3.94065  
3.06637, 3.89228  
3.01215, 3.87098  
3.06748, 3.94776  
3.02448, 3.93222  
3.04123, 3.90575  
3.06469, 3.90424  
3.05662, 3.93171  
3.04754, 3.87984  
3.05825, 3.88087  
3.0492, 3.94102  
3.0028, 3.84503  
3.03417, 3.95103  
3.06476, 3.94692  
2.98742, 3.88281  
2.98921, 3.91878  
3.00992, 3.88919  
3.02303, 3.98539  
3.05531, 3.96824  
3.02829, 3.8955  
3.0863, 3.94493  
3.05013, 3.9036  
3.03466, 3.91193  
3.06396, 3.87428  
3.07888, 3.90533  
3.08314, 4.0324  
3.074, 3.88648  
3.0795, 4.07367  
3.07958, 4.05406  
3.06058, 3.89983  
3.08622, 3.97672  
3.09307, 3.96824  
3.0711, 3.8663  
3.03324, 3.88666  
3.07056, 3.84599  
3.08006, 3.88602  
3.04348, 3.87216  
3.08271, 3.90216  
3.059, 3.88926  
3.05279, 3.89488  
3.05457, 3.89293  
3.07277, 3.85371  
3.05022, 3.92235  
3.02725, 3.88538  
3.031, 3.87995  
3.0351, 3.93579  
3.02299, 3.8886  
3.07572, 3.92115  
2.99921, 3.95471  
3.08717, 3.8878  
3.08502, 3.95008  
3.04904, 3.91584  
3.05425, 3.90369  
3.038, 3.91624  
3.03756, 3.88608  
3.06141, 3.9208  
3.08686, 3.91256  
3.08548, 3.89148  
3.06104, 3.93512  
3.06119, 3.9491  
3.07127, 3.9052  
3.11142, 4.02047  
3.04849, 3.88352  
3.00338, 3.88977  
3.07621, 3.84415  
3.017, 3.88727  
3.02373, 3.91207  
3.02677, 3.89879  
3.01512, 3.89261  
3.08276, 3.90482  
3.06183, 3.86823  
3.01225, 3.88007  
3.05547, 3.89311  
3.05029, 3.89193  
3.09931, 3.97039  
3.10019, 3.9665  
3.06455, 3.93962  
3.05512, 3.96549  
3.08872, 3.96705  
3.06218, 3.84903  
3.07436, 3.86022  
3.07395, 3.81089  
3.09271, 3.98268  
3.08572, 3.86673  
3.04398, 3.87546  
3.06979, 3.88892  
3.09982, 3.97135  
3.10467, 3.95366  
3.06569, 3.87197  
3.08034, 3.87997  
3.05252, 3.9075  
3.04046, 3.89945  
3.07792, 3.94107  
3.07677, 3.90781  
3.06435, 3.90898  
3.08106, 3.93346  
3.07466, 3.85654  
3.07132, 3.90974  
3.07341, 3.93185  
3.06142, 3.93868  
3.06675, 3.87138  
3.06963, 3.89912  
3.06906, 3.9265  
3.06945, 3.85306  
3.0666, 3.8971  
3.07368, 3.9361  
3.05064, 3.87812  
3.04875, 3.90042  
3.01981, 3.90149  
3.03525, 3.90603  
3.00949, 3.94714  
3.07405, 3.90855  
3.04953, 3.91489  
3.0778, 3.8882  
3.04977, 3.90303  
3.04849, 3.86618  
3.05417, 3.88858  
3.06896, 3.89357  
3.03855, 3.92191  
3.07338, 3.94334  
3.08778, 3.99033  
3.06379, 3.90648  
3.07223, 3.88681  
3.08442, 3.99332  
3.06536, 3.91892  
3.0831, 3.95243  
3.07844, 3.9051  
3.09451, 3.97516  
3.04665, 3.914  
3.00291, 3.90755  
3.02021, 3.90944  
3.04308, 3.88838  
3.04013, 3.91258  
3.048, 3.85623  
3.04255, 3.89069  
3.03791, 3.90222  
3.03661, 3.93271  
3.0153, 3.95723  
3.03483, 3.90494  
3.01299, 3.90614  
3.07364, 3.94088  
3.02872, 3.88122  
3.06972, 3.94739  
3.04683, 3.95543  
3.0758, 3.92205  
3.05859, 3.90144  
3.05642, 3.93125  
3.04598, 3.94008  
3.07454, 3.92055  
3.04586, 3.90271  
2.99488, 3.91736  
3.057, 3.86821  
3.02092, 3.96247  
3.03806, 3.95947  
3.02371, 3.93167  
3.03787, 3.93797  
3.05893, 3.89359  
3.0727, 3.87927  
3.06661, 3.8645  
3.05916, 3.89793  
3.07918, 3.88777  
3.06661, 3.86261  
3.02287, 3.90755  
3.02955, 3.91208  
3.0643, 3.87685  
3.00215, 3.94276  
3.00546, 3.90526  
3.03585, 3.89036  
3.08059, 3.92883  
3.05034, 3.86342  
3.01283, 3.9136  
3.02991, 3.90023  
3.05125, 3.89125  
3.07682, 3.88121  
3.06157, 3.87072  
3.06037, 3.91839  
3.07958, 3.86961  
3.07529, 3.853  
3.08125, 3.90597  
3.06754, 3.86105  
3.06179, 3.89417  
3.03458, 3.84361  
3.00842, 3.83441  
3.03824, 3.86427  
3.005, 3.90586  
3.01562, 3.90037  
