% tag's location (true location : [3,3])
a = [2.95571, 2.12093  
2.99911, 2.08826  
3.02736, 2.25506  
3.25555, 2.22159  
3.18735, 2.31571  
3.1606, 2.71914  
2.9463, 2.51542  
2.99057, 2.61684  
2.96217, 2.74272  
2.97346, 2.7451  
3.01455, 2.89231  
2.88312, 2.96889  
2.91028, 2.80517  
2.73981, 2.94877  
2.67045, 2.98267  
2.61283, 3.05317  
2.66168, 3.00649  
2.61766, 3.02556  
2.68887, 2.99881  
2.7794, 2.98548  
2.86744, 2.91705  
2.88421, 2.87444  
2.93171, 2.90687  
2.89232, 2.93848  
2.9037, 2.84164  
2.91921, 2.79441  
3.05181, 2.77285  
3.08948, 2.7336  
3.13302, 2.68227  
3.08126, 2.77091  
3.00063, 2.84579  
3.031, 2.8366  
3.04418, 2.75001  
2.9738, 2.80155  
2.97807, 2.86575  
2.97111, 2.87322  
2.97453, 2.87661  
2.90407, 2.90184  
2.89821, 2.90731  
2.93635, 2.88075  
2.86012, 2.88027  
2.93449, 2.79546  
2.95706, 2.81152  
2.90004, 2.85911  
2.95452, 2.81542  
3.13653, 2.77404  
2.98581, 2.87621  
3.04933, 2.81937  
3.01707, 2.89603  
2.99359, 2.85784  
2.98849, 2.844  
3.0114, 2.83323  
3.00666, 2.82989  
2.99201, 2.8135  
3.06225, 2.83339  
3.00693, 2.94714  
3.06033, 2.90722  
3.07518, 2.86245  
3.03078, 2.89421  
3.06578, 2.81961  
3.0974, 2.81172  
3.01652, 2.87024  
3.03196, 2.84462  
3.03929, 2.87498  
3.10516, 2.86765  
3.11034, 2.80003  
3.06899, 2.84302  
3.07576, 2.80847  
3.06979, 2.8284  
3.03001, 2.82392  
3.02556, 2.87396  
3.03175, 2.89055  
3.15378, 2.82646  
3.0761, 2.8146  
3.01253, 2.86708  
2.96107, 2.90658  
2.92471, 2.87386  
2.94584, 2.91722  
2.90067, 2.92566  
2.9398, 2.84771  
2.90535, 2.91371  
2.88862, 2.9217  
2.99526, 2.86978  
2.99934, 2.91575  
2.91615, 2.98045  
2.90217, 2.98369  
2.90592, 3.00773  
2.91013, 3.02847  
2.89577, 2.97899  
2.95091, 2.98416  
3.02604, 2.89047  
3.02145, 2.90068  
3.02645, 2.94356  
2.97402, 2.98613  
3.01707, 2.95881  
3.01178, 2.96422  
3.03012, 2.92409  
2.96283, 2.93388  
3.0194, 2.83679  
2.99704, 2.84074  
3.00909, 2.90015  
2.98108, 2.93208  
2.99567, 2.89536  
3.00377, 2.91655  
2.99231, 2.87787  
3.01443, 2.91228  
2.98898, 2.95845  
3.04163, 2.87363  
2.9718, 2.97047  
2.9954, 2.95206  
2.99792, 2.94287  
2.9715, 2.95345  
2.93881, 2.94079  
2.98113, 2.91824  
2.98547, 2.89151  
2.94324, 2.90476  
3.01264, 2.88837  
2.99978, 2.92196  
3.03188, 2.87814  
3.02962, 2.90939  
3.06846, 2.9017  
3.05925, 2.93548  
3.00925, 2.9453  
2.99599, 2.94008  
2.99446, 2.88957  
2.98174, 2.93905  
2.98221, 2.99358  
2.99385, 2.94699  
2.99617, 2.93579  
2.97036, 2.97569  
3.0115, 2.92467  
2.98602, 2.96131  
2.96963, 2.94475  
3.00776, 2.9879  
3.03347, 2.93986  
3.01272, 2.9278  
3.01799, 2.98252  
3.0343, 2.95066  
3.01287, 2.89197  
2.94022, 2.89158  
2.84703, 2.83237  
3.01381, 2.90577  
2.96268, 2.90182  
2.98498, 2.96587  
3.02327, 2.931  
3.02812, 2.93521  
2.99995, 2.95094  
3.00402, 2.95765  
2.96816, 2.93728  
2.96633, 2.98242  
2.99638, 3.01793  
2.99505, 2.97058  
3.01713, 2.90419  
3.04258, 2.95502  
3.05172, 2.9314  
3.06654, 2.95273  
3.02824, 2.97725  
2.94894, 2.9235  
2.99585, 2.97158  
2.99149, 2.97167  
2.96522, 2.98458  
2.97655, 2.96944  
3.03946, 2.95782  
3.00505, 3.01804  
2.96993, 2.93991  
2.9929, 3.01026  
2.97976, 2.97329  
3.01297, 2.95529  
3.02858, 2.96858  
3.03431, 3.0234  
3.00702, 2.95106  
2.96633, 3.01531  
2.98047, 3.00971  
2.9843, 2.98855  
2.97702, 2.99569  
2.9894, 2.97478  
3.02301, 3.02073  
3.01243, 2.99118  
3.00005, 2.97575  
2.9975, 2.99426  
2.99894, 2.99738  
3.01322, 3.02384  
2.99303, 2.98149  
3.04807, 2.91325  
3.06786, 2.89847  
3.02318, 2.98973  
3.04807, 2.95465  
3.02207, 2.94891  
3.00046, 3.02736  
3.00018, 2.9429  
3.05232, 2.99045  
3.07219, 3.01217  
3.0215, 2.97698  
3.02256, 2.96566  
3.02086, 2.99218  
2.99534, 2.93574  
2.91956, 2.95977  
2.93822, 2.98276  
3.00767, 2.98073  
2.97039, 3.02954  
3.012, 3.04174  
2.9986, 3.05625  
2.98486, 2.99603  
3.00053, 2.99289  
2.97348, 2.9557  
2.99007, 2.95432  
2.99229, 2.97976  
2.98195, 2.98798  
3.00535, 2.94061  
2.95, 2.96665  
3.01635, 2.9921  
2.99528, 2.98417  
3.00042, 3.02173  
2.98341, 2.96538  
3.02038, 2.94939  
3.05632, 2.88648  
3.02534, 2.93234  
3.04466, 2.97688  
3.02293, 2.96637  
2.98056, 2.97683  
3.00715, 2.95184  
2.98958, 2.97298  
3.00597, 2.97055  
3.02801, 2.93271  
3.02747, 2.95632  
3.01289, 2.95014  
2.97921, 2.95419  
3.00828, 2.99555  
3.00526, 2.93832  
2.99326, 2.94554  
3.0128, 2.9395  
3.04329, 2.96506  
3.00229, 2.94896  
3.01273, 2.9286  
3.01137, 2.94445  
2.99659, 3.02227  
2.97639, 2.97827  
2.98411, 2.99486  
2.97872, 2.99681  
3.00176, 3.01261  
3.01283, 3.01385  
2.98719, 3.00396  
2.97131, 3.03665  
3.01311, 2.96713  
3.01314, 2.97505  
3.00405, 2.94063  
3.00283, 2.97701  
2.98132, 3.02943  
2.84817, 3.09647  
2.86605, 3.11056  
3.02326, 2.9749  
3.03494, 2.91802  
3.03431, 2.98697  
3.00235, 3.01173  
3.01274, 2.96948  
3.01188, 2.94604  
3.0216, 2.94796  
3.01462, 2.95648  
2.99193, 2.94215  
2.99006, 2.94109  
2.95711, 2.999  
2.99094, 2.85856  
2.96962, 2.92172  
3.02893, 2.99433  
2.99899, 2.9574  
3.00697, 2.93245  
3.0031, 3.01834  
3.05202, 2.92264  
3.00417, 2.92284  
3.05053, 2.93137  
3.06628, 2.95534  
3.00292, 2.93569  
2.98894, 3.02723  
3.01485, 2.97073  
3.04073, 2.93839  
3.04342, 2.98852  
2.98217, 2.96378  
2.90176, 3.06104  
2.96195, 2.95858  
3.00039, 2.98897  
3.01683, 2.93354  
3.02659, 2.99258  
3.00755, 3.00675  
3.00589, 2.98994  
3.02541, 2.99174  
2.99504, 2.94775  
3.00897, 2.93586  
3.05049, 2.90964  
2.98936, 2.95559  
3.04845, 2.92215  
3.03126, 2.95432  
2.88244, 3.05175  
2.83202, 3.01136  
2.99844, 2.84101  
3.00342, 2.86821  
3.01136, 2.8473  
2.76394, 3.03266  
2.76823, 3.03684  
2.90418, 2.92069  
2.94794, 2.9217  
3.11249, 2.85159  
3.01683, 2.90635  
2.98336, 2.92193  
2.98316, 2.90581  
3.0081, 2.97375  
3.0001, 2.98067  
3.04324, 2.97327  
3.00961, 2.97888  
2.94291, 2.8901  
3.06464, 3.16592  
2.94878, 2.8959  
3.01005, 2.90363  
3.01306, 2.90181  
3.05317, 2.90864  
3.04067, 2.90334  
3.02778, 2.97206  
3.06538, 2.98006  
3.05268, 3.01258  
3.05664, 2.97533  
3.02968, 3.02126  
3.02447, 2.96687  
3.00989, 2.97453  
3.03547, 2.95847  
3.02131, 2.93252  
3.01132, 2.94577  
2.99116, 2.92809  
3.03823, 2.94071  
2.96282, 2.93407  
3.04883, 2.89328  
3.13058, 2.8715  
3.04969, 2.92267  
3.05324, 2.92287  
3.08334, 2.91779  
3.05942, 2.88356  
3.02969, 2.8994  
3.04595, 2.90529  
2.98928, 2.93495  
2.97512, 2.95957  
2.97592, 2.8993  
3.02206, 2.88551  
3.00554, 2.88926  
3.02964, 2.92409  
3.04619, 2.96996  
3.05581, 2.95014  
3.0397, 2.90025  
3.04199, 2.90894  
3.00997, 2.96624  
3.05201, 3.01664  
2.99699, 2.87299  
3.0493, 2.95748  
3.02863, 2.93938  
3.05877, 2.96553  
3.14053, 2.97387  
3.04135, 3.0401  
3.03239, 2.95604  
3.02119, 2.92556  
3.03464, 2.96612  
3.09142, 2.97029  
3.076, 3.01449  
3.05165, 3.03707  
2.99994, 2.90712  
3.03022, 2.91893  
3.02138, 2.93701  
2.9788, 2.88959  
2.99126, 2.95447  
3.0368, 2.97104  
3.01027, 2.95631  
3.0491, 2.9675  
2.9767, 2.95598  
2.97406, 2.938  
2.9576, 2.96218  
2.98132, 2.95299  
2.99976, 2.84958  
3.01845, 2.90639  
3.04349, 2.8998  
3.01452, 2.91451  
2.99688, 2.89491  
2.98219, 2.9409  
3.00074, 2.93602  
3.02579, 2.88945  
2.98623, 2.94515  
2.97949, 2.93084  
3.02203, 2.86254  
3.02196, 2.90538  
2.97973, 2.91396  
3.01011, 2.94216  
2.99405, 2.93696  
3.04656, 2.94528  
3.04587, 2.9714  
3.01932, 2.91447  
3.07692, 2.94648  
3.01113, 2.89127  
3.01978, 2.95844  
3.00726, 2.89271  
2.98288, 2.91904  
2.97113, 2.9223  
2.95217, 2.8906  
3.00347, 2.92853  
3.05756, 2.92738  
3.02203, 2.92736  
3.07817, 2.8726  
